48 69 20 51 34 42 27 33 84 87 20 21 30 4 4 15 13 35 13 8
99 31 7 52 94 88 94 84 95 33 30 36 69 86 42 15 38 5 63 49
86 91 97 19 59 35 64 55 22 20 5 42 27 93 11 23 1 23 34 73
9 98 91 26 68 84 5 8 36 92 41 16 71 54 8 41 52 44 35 78
36 89 16 42 92 74 88 7 17 35 37 25 20 59 81 44 93 96 58 79
61 46 41 81 55 68 21 72 80 18 69 17 9 33 59 59 34 80 36 62
46 71 57 56 26 27 7 48 36 74 63 39 48 68 74 36 18 43 89 51
47 92 45 51 99 93 24 42 88 63 4 42 12 19 89 13 29 21 63 61
29 96 66 54 74 27 30 5 16 90 67 20 2 20 93 40 96 16 81 66
26 73 8 66 71 76 34 45 73 83 31 75 92 65 82 9 66 57 55 41
77 26 75 88 5 8 35 36 70 42 46 37 78 5 43 50 99 94 83 0
11 11 76 90 9 14 52 71 33 95 50 63 62 17 65 54 87 93 72 67
11 56 57 12 29 30 42 2 61 31 8 1 6 10 90 38 53 17 31 54
58 73 90 50 37 7 34 52 65 31 44 6 65 53 52 82 57 66 58 74
23 58 77 89 71 0 5 56 38 65 31 99 6 91 77 68 83 27 57 43
50 70 74 63 39 21 18 33 38 51 92 71 90 96 27 96 42 41 88 46
29 19 64 9 57 49 13 4 68 1 46 27 59 50 48 48 40 93 92 70
43 95 19 59 34 23 65 33 94 77 45 74 18 98 23 74 50 67 99 35
85 33 54 71 71 75 4 80 26 53 65 60 93 60 22 60 40 6 15 77
31 76 94 55 13 91 10 23 97 92 59 11 16 69 32 88 31 53 95 51
56 36 21 36 87 83 48 25 2 98 9 40 30 6 59 89 43 61 80 15
19 74 44 9 63 54 36 89 6 88 88 37 94 58 96 90 2 16 78 78
42 26 12 65 55 58 42 29 70 56 50 3 32 0 52 66 12 30 46 87
97 63 73 71 56 55 90 53 78 55 95 32 14 79 91 97 9 90 89 81
39 21 86 79 31 13 25 13 44 52 31 74 23 80 48 7 73 40 4 23
85 68 37 81 96 84 22 60 84 76 5 71 51 23 19 98 1 38 36 18
40 61 74 49 93 5 74 51 43 25 57 89 74 11 90 43 58 49 98 49
34 41 22 70 92 67 9 50 41 39 29 53 90 68 35 9 35 4 31 74
93 69 98 94 39 87 59 72 62 91 66 97 44 26 80 25 51 28 21 28
60 36 99 23 36 93 46 18 11 39 82 56 87 72 94 40 28 30 52 58
6 9 10 4 77 89 42 90 17 82 21 71 33 46 91 38 65 89 24 60
56 3 93 49 89 70 61 91 38 58 9 20 40 64 70 77 58 71 70 25
64 94 56 89 85 42 30 32 56 32 72 86 72 80 66 21 79 52 67 69
9 93 65 7 70 47 67 85 2 64 18 92 94 0 83 62 23 35 17 71
59 64 99 36 72 74 62 40 17 90 40 28 84 21 70 73 90 62 44 11
74 92 46 13 1 2 4 48 72 32 59 65 25 76 75 64 31 69 48 11
7 87 33 0 27 71 10 43 59 34 69 4 77 23 16 78 31 26 34 21
75 85 22 34 33 49 66 92 17 8 90 61 81 47 1 11 84 95 6 54
41 30 75 20 89 20 74 81 23 16 77 89 69 49 52 88 17 65 91 88
83 65 10 90 47 55 89 95 4 61 17 81 3 79 77 43 26 29 86 69
12 35 49 66 22 38 31 0 24 27 11 62 13 75 41 62 34 74 27 52
65 49 52 4 75 76 99 52 57 4 26 50 92 35 35 78 97 94 7 91
30 28 41 12 46 89 43 57 0 12 85 12 15 51 68 55 0 2 29 4
70 35 34 81 42 65 62 9 14 94 42 64 50 99 5 38 75 80 28 68
22 2 95 13 89 43 39 42 74 71 72 2 76 32 44 92 17 92 55 20
54 22 42 50 94 49 47 78 75 93 83 49 12 3 11 7 72 36 81 74
5 54 79 67 99 40 82 65 67 24 96 91 65 90 8 51 5 77 48 78
83 42 13 86 11 12 11 31 80 24 64 46 21 12 50 63 36 60 81 35
95 86 75 70 78 18 16 47 15 43 87 54 87 72 26 38 1 52 30 33
15 49 90 29 46 19 30 10 83 62 21 50 45 41 3 64 17 42 70 40
80 92 64 56 49 11 30 13 59 60 12 97 72 53 92 29 72 95 45 19
15 10 78 54 61 46 93 2 3 74 77 76 68 47 79 78 44 27 44 67
30 63 86 98 49 14 38 97 3 67 41 43 33 98 99 67 91 68 76 96
80 62 7 5 35 61 53 0 22 76 2 80 16 97 19 57 62 17 4 98
87 3 38 17 12 37 93 9 74 44 24 49 11 29 14 5 9 73 61 95
99 29 74 25 66 71 19 46 68 98 97 38 40 20 2 6 77 83 96 61
20 65 13 42 49 81 50 39 2 31 67 71 28 8 41 24 17 64 59 64
31 25 14 7 26 57 91 42 19 43 92 10 36 87 88 46 61 76 37 63
90 72 60 4 65 67 66 95 87 24 93 92 70 26 87 71 9 30 5 24
47 83 24 39 78 31 60 70 80 32 21 37 18 63 43 61 49 36 43 57
14 48 55 49 21 13 56 84 49 16 98 5 20 61 6 22 99 96 33 94
14 27 55 62 56 57 80 11 72 93 34 22 57 64 89 28 1 77 56 93
62 83 36 85 79 10 4 71 41 14 39 10 89 50 51 93 13 49 43 14
96 75 64 66 91 94 21 1 30 44 13 18 93 21 74 99 47 7 51 12
57 82 47 81 88 45 65 69 77 99 61 97 70 39 85 74 10 21 5 32
99 68 93 84 28 37 40 68 81 10 66 87 35 16 64 44 33 36 96 8
69 76 21 37 48 23 32 64 20 34 20 68 13 3 33 57 92 64 67 16
1 32 55 34 87 94 18 18 4 31 70 45 71 79 87 49 62 80 98 34
51 27 79 46 59 15 20 99 37 56 86 38 54 41 64 23 9 71 62 32
6 74 45 61 28 65 40 98 67 65 4 51 54 32 41 61 10 69 88 69
88 44 41 63 80 52 10 33 61 76 3 90 79 36 90 58 17 97 66 52
72 36 79 95 65 91 54 62 53 5 27 99 95 77 32 15 84 27 49 48
32 35 97 48 38 19 96 37 28 20 4 75 97 92 6 2 3 87 26 69
13 83 58 13 16 78 0 69 82 77 68 24 8 32 77 57 27 73 52 75
38 0 23 2 20 16 8 17 90 81 85 81 77 79 9 15 21 20 44 30
41 37 1 14 78 33 77 1 99 48 51 83 84 72 49 57 56 30 4 94
57 91 76 47 26 45 71 81 92 30 49 26 49 57 14 64 63 61 71 38
94 98 27 17 12 81 41 58 99 28 67 3 8 65 34 63 84 69 53 12
91 20 77 24 88 99 96 20 57 77 43 62 99 20 8 49 4 17 15 87
77 88 85 79 87 73 56 13 2 51 8 95 32 83 38 1 55 48 94 1
90 55 51 94 27 2 44 20 14 20 39 93 23 4 77 34 86 34 37 16
12 18 13 18 13 66 55 85 17 45 90 91 36 35 53 13 57 96 29 32
40 89 6 27 57 5 85 24 85 29 65 48 75 28 19 9 52 10 9 79
63 72 66 82 13 0 72 16 86 14 60 11 97 56 87 18 2 39 91 61
92 16 32 27 47 43 69 64 35 70 50 60 28 14 75 7 19 78 56 91
13 28 17 87 28 10 70 78 74 86 60 18 47 27 30 71 83 92 54 47
20 62 64 39 50 63 97 12 12 93 38 49 83 18 84 2 75 54 8 58
42 46 95 17 18 61 0 64 63 67 19 47 54 63 71 74 81 66 39 63
66 23 41 15 44 8 56 36 25 45 60 27 18 63 34 88 45 74 93 16
64 1 0 35 33 61 69 62 82 57 87 99 35 89 37 9 74 89 82 87
74 14 14 45 53 56 51 98 12 42 26 97 30 68 84 90 40 50 20 14
20 67 39 76 41 97 91 50 36 71 10 68 9 29 27 27 84 51 35 19
71 47 25 35 12 36 41 86 81 76 71 96 60 51 48 42 62 26 14 63
28 76 80 64 28 99 89 30 78 6 58 27 30 66 0 8 7 83 57 75
79 27 18 85 82 70 38 61 1 69 50 24 78 29 84 17 98 95 94 90
20 51 92 63 38 85 3 1 42 0 77 35 66 26 66 80 89 33 44 82
94 93 83 88 27 58 37 93 19 21 50 42 13 68 60 25 5 87 64 97
34 31 80 83 14 13 70 3 49 22 7 72 72 30 10 48 11 55 4 91
27 70 99 75 2 22 67 63 52 89 33 74 26 99 92 92 83 88 34 43
23 54 3 30 89 45 34 71 29 72 69 64 98 6 47 25 78 1 5 56
48 58 81 73 11 46 83 57 17 93 71 75 91 29 36 46 64 98 47 19
50 25 7 66 92 87 29 55 2 1 46 56 43 39 8 38 29 74 58 90
7 81 92 45 80 31 38 43 85 95 65 41 29 26 56 19 41 32 58 26
1 14 65 95 10 6 63 68 47 16 81 55 60 18 53 34 31 40 8 74
28 78 41 16 98 79 38 49 45 54 85 98 92 60 48 17 98 74 69 96
69 20 84 76 17 87 58 49 47 60 12 25 1 91 58 46 59 51 90 94
96 95 58 62 71 38 69 83 61 16 18 69 24 50 78 93 47 81 4 31
25 22 39 14 32 97 33 20 5 4 20 41 18 87 45 39 37 6 20 76
25 83 15 73 35 26 80 83 34 63 14 0 80 80 48 19 89 84 96 10
15 8 47 18 71 56 94 73 86 23 99 51 64 88 86 50 20 40 98 33
74 94 4 51 97 32 22 94 4 29 57 43 50 61 69 29 47 57 62 47
19 96 97 98 20 9 97 92 16 72 44 39 91 44 54 61 31 12 32 90
17 3 59 28 81 93 28 83 58 35 28 14 40 22 53 96 39 21 84 20
45 54 73 85 89 76 61 74 35 70 43 51 80 55 47 20 22 81 45 74
16 96 41 25 12 30 56 26 39 65 21 2 95 53 43 15 92 80 28 65
72 3 71 6 29 20 16 60 41 81 88 12 78 88 32 41 48 70 61 42
54 72 98 54 93 63 28 29 13 16 16 67 67 11 60 49 68 18 26 60
35 37 44 28 6 74 13 86 71 75 54 30 50 63 94 71 52 94 33 20
98 52 3 84 0 90 37 70 69 10 93 0 67 9 6 6 1 10 8 24
50 93 77 32 26 57 14 97 99 71 1 42 24 37 67 75 74 92 31 52
32 59 90 71 30 9 74 90 12 25 49 94 48 44 11 22 30 54 53 98
87 47 58 61 12 43 87 5 77 69 54 39 14 50 95 81 16 80 52 93
57 62 65 9 14 59 64 75 21 27 83 16 23 68 22 92 72 76 92 86
82 73 18 11 69 98 79 24 68 68 12 53 21 45 91 12 39 44 16 44
85 35 0 80 96 91 42 67 98 78 12 21 25 75 3 84 10 87 99 82
35 87 21 40 25 35 56 0 20 22 66 99 45 51 72 97 21 20 82 91
76 77 97 47 69 41 52 67 70 86 81 60 0 83 12 97 7 7 2 61
32 76 92 46 81 58 52 96 67 91 25 26 39 72 47 28 75 33 42 30
43 30 52 5 79 86 69 36 85 94 31 59 84 28 68 27 9 64 59 61
9 63 97 66 56 95 68 47 22 1 5 59 30 16 28 90 38 21 44 37
29 23 75 97 88 64 23 48 85 70 46 51 32 30 76 85 82 95 38 97
98 19 37 45 52 31 34 7 58 92 84 76 17 31 52 43 63 5 36 68
45 27 8 83 72 15 7 85 72 23 36 22 61 4 21 60 27 55 76 55
54 83 11 10 96 28 48 51 45 63 96 51 20 92 65 33 88 97 89 57
60 32 99 53 32 28 6 44 13 53 77 47 19 82 95 62 29 29 70 51
55 38 64 53 12 56 89 44 76 33 8 49 20 57 18 51 38 11 28 2
8 76 26 11 76 25 29 91 50 35 90 20 41 34 1 23 81 83 64 29
30 36 42 98 70 46 89 51 73 61 75 64 82 29 65 2 10 8 8 19
93 93 61 29 42 71 34 4 13 90 75 64 75 12 80 6 49 48 96 91
21 50 95 80 93 15 81 21 4 66 58 1 52 88 54 35 34 77 50 79
65 53 85 16 37 10 62 95 80 43 19 1 35 70 47 45 7 6 78 36
56 85 57 30 90 30 37 22 99 71 80 94 89 62 47 82 88 70 95 52
29 13 27 97 26 96 48 71 91 71 84 58 42 3 14 60 39 74 22 41
50 59 1 92 69 35 99 50 79 84 93 57 15 68 55 60 23 66 74 62
0 81 4 32 31 78 1 9 15 13 98 37 62 55 29 46 61 40 99 71
83 60 66 30 46 84 20 30 78 66 25 50 68 97 61 70 27 72 21 59
37 74 36 70 88 89 47 6 33 88 39 70 95 1 67 35 46 52 44 79
58 45 68 52 14 6 64 47 17 54 99 64 55 86 73 3 83 75 1 26
50 3 33 87 36 85 24 5 47 12 49 10 59 68 5 86 50 85 31 8
97 88 96 91 44 96 79 1 28 74 81 68 22 90 75 77 57 99 16 42
48 16 7 79 78 17 90 66 35 65 4 17 4 6 45 61 24 48 44 0
46 66 4 42 42 36 84 53 67 86 12 28 59 42 12 88 51 65 88 39
59 6 14 25 38 0 81 96 59 35 63 19 71 7 94 11 39 13 24 59
81 7 32 38 27 55 26 11 41 56 78 9 57 53 94 33 66 78 63 97
53 40 13 7 59 9 70 79 23 14 36 46 4 39 20 8 4 73 76 29
5 58 58 16 41 33 83 72 29 96 2 77 98 52 0 87 19 4 9 67
83 95 55 87 64 44 64 31 38 19 70 17 50 62 26 81 35 14 37 76
38 5 3 39 58 94 54 13 2 64 32 33 88 78 29 49 32 51 3 81
98 34 45 64 69 70 75 10 83 65 28 70 66 75 26 7 5 98 19 91
89 20 32 75 92 85 3 26 16 84 30 36 38 17 4 14 25 25 73 81
73 13 49 13 72 24 78 33 3 53 1 69 80 42 24 48 41 88 95 7
13 47 57 58 39 49 43 90 63 58 27 77 57 15 51 87 29 86 36 25
81 62 86 76 26 56 38 64 21 98 15 99 39 75 4 97 85 68 83 77
58 62 66 86 71 86 46 57 88 35 85 56 97 98 29 84 8 20 84 31
74 71 47 72 93 38 95 80 28 93 62 99 99 66 87 88 71 11 46 27
86 76 83 24 16 84 23 73 77 48 48 93 7 76 41 75 60 95 5 31
20 42 6 48 65 72 23 71 85 37 44 96 46 81 54 55 70 80 58 14
81 41 30 30 51 72 23 15 79 73 51 87 46 95 7 7 29 17 89 96
81 52 63 88 73 50 68 12 59 23 44 12 42 7 4 3 28 72 96 57
99 30 53 70 80 76 67 36 7 85 19 6 43 25 19 69 83 95 7 31
60 36 73 62 85 98 0 11 61 99 69 1 63 96 94 90 31 98 16 49
30 92 67 8 20 95 77 81 87 96 68 80 19 40 43 65 69 30 51 34
45 37 33 51 28 12 80 22 60 93 33 24 70 34 23 68 78 75 92 73
57 4 23 40 57 38 92 5 51 19 33 56 18 59 56 82 97 70 97 26
41 99 95 45 84 91 51 22 34 88 68 0 38 13 11 41 51 95 15 94
74 60 58 53 27 76 26 67 55 74 14 98 51 47 33 26 12 98 57 52
28 42 2 15 6 37 22 53 63 81 60 19 27 63 41 25 0 89 71 49
69 48 19 54 51 86 7 20 37 89 39 79 89 18 68 74 12 70 66 63
39 99 56 61 73 78 12 45 24 17 20 21 72 8 75 94 79 62 1 62
68 38 14 12 87 51 20 92 69 14 16 47 17 74 58 19 18 87 81 83
69 96 80 87 19 30 8 71 97 94 28 26 60 78 6 26 28 30 14 15
44 66 84 45 63 53 78 2 70 84 64 17 66 83 84 70 47 45 72 48
15 3 98 13 22 18 95 93 82 82 4 24 18 38 57 29 71 29 53 26
22 66 75 18 35 33 31 11 84 67 64 1 47 28 14 7 69 92 57 89
6 91 16 82 66 90 24 72 99 4 18 74 58 65 56 10 64 91 93 66
9 98 19 90 92 42 73 55 38 61 43 50 1 82 29 99 9 90 13 49
2 89 85 75 61 37 24 10 1 56 90 46 82 80 3 27 61 32 33 90
72 73 10 64 69 98 95 23 10 26 24 55 55 21 26 89 91 6 31 36
78 0 6 36 12 55 74 72 84 3 57 44 4 0 98 8 92 40 19 36
34 10 53 4 96 51 54 52 33 96 9 70 3 16 34 84 47 40 53 6
96 45 5 20 65 30 78 65 17 7 72 0 64 85 87 79 16 80 68 35
63 75 46 11 96 27 17 5 94 47 20 56 52 97 10 67 40 66 28 94
67 52 10 59 97 65 84 25 6 7 76 26 8 2 57 78 82 10 52 48
78 20 47 77 90 48 58 36 48 62 26 85 8 13 30 7 53 76 93 0
36 44 70 3 45 15 3 6 27 84 9 45 70 75 25 7 9 4 84 12
66 44 49 42 27 37 43 34 46 44 9 58 97 88 39 28 21 21 36 64
88 30 58 11 99 48 79 50 93 85 45 71 94 14 16 27 39 17 21 72
87 23 95 81 65 50 2 13 93 47 31 73 5 6 39 31 52 99 61 8
66 78 95 49 87 54 21 29 90 23 60 7 74 18 62 71 80 42 35 88
40 38 94 94 46 47 22 93 86 27 39 38 68 91 81 9 97 61 10 85
39 11 17 8 48 5 11 15 66 45 3 27 11 46 51 69 60 66 53 60
88 90 76 85 38 49 7 56 33 75 56 18 42 88 27 74 16 48 18 18
87 3 1 94 77 35 23 92 69 90 67 53 51 22 37 20 54 87 69 53
15 41 23 0 10 42 34 79 22 55 7 18 15 59 33 50 31 69 78 42
86 88 4 92 46 37 42 39 71 1 88 37 70 4 83 71 85 70 42 56
27 26 53 60 74 29 67 19 85 76 23 12 4 94 57 64 46 49 55 10
93 84 27 72 91 67 7 19 6 7 4 73 11 13 97 49 52 57 24 13
9 40 59 92 5 23 97 74 71 35 60 45 16 67 15 77 69 53 80 96
73 74 99 25 73 51 99 16 29 8 27 31 94 5 94 63 23 64 84 29
20 35 64 24 17 3 90 29 69 34 30 71 46 49 84 13 34 58 59 21
41 42 56 2 22 74 60 30 48 40 71 74 9 17 68 72 18 11 50 76
86 77 73 67 29 31 57 56 65 52 61 52 44 78 56 10 82 17 33 16
90 88 28 25 39 93 36 44 92 4 90 2 93 4 33 56 6 26 48 32
75 42 56 81 10 36 90 10 89 24 68 61 87 39 73 82 30 3 32 40
35 9 27 34 61 57 81 26 97 58 32 42 23 93 1 1 95 36 10 31
91 17 31 9 77 85 10 0 41 95 36 48 39 22 12 4 47 85 86 45
78 23 18 69 46 39 84 70 75 47 12 56 97 86 3 72 58 3 21 44
24 20 83 72 44 56 49 58 70 49 44 69 57 98 49 59 48 1 81 42
99 5 17 7 67 24 11 19 60 92 88 89 9 28 18 96 59 38 82 14
27 59 66 39 78 63 81 25 16 43 67 64 61 89 40 49 96 67 54 88
10 37 46 64 9 77 65 85 34 64 0 72 98 36 50 53 82 60 98 6
2 69 28 88 10 59 57 93 1 11 99 45 59 29 28 93 59 92 92 5
10 31 2 22 66 12 98 1 23 80 9 75 7 66 22 10 3 56 97 29
1 64 15 89 1 8 81 12 92 98 14 2 92 3 24 50 15 62 27 30
26 76 68 4 59 0 89 83 54 55 71 54 97 74 78 12 3 19 81 60
91 29 84 87 70 22 10 92 66 44 41 40 71 10 78 97 33 50 79 45
32 84 99 23 4 68 32 30 72 93 28 81 61 30 26 28 9 23 53 50
83 53 3 88 27 73 84 5 9 31 34 74 54 56 13 50 35 92 44 75
50 78 70 93 97 45 88 9 90 51 92 34 53 88 15 60 72 90 28 20
28 29 84 53 18 98 38 44 13 52 31 44 76 3 24 34 17 9 58 83
55 64 7 28 49 75 23 62 3 5 97 12 34 58 82 30 34 15 49 72
67 94 29 40 30 4 57 61 41 16 47 57 26 46 79 33 42 76 72 72
85 76 11 71 66 83 39 65 12 34 54 76 89 60 34 82 16 56 90 89
82 29 24 2 5 55 67 85 77 84 73 0 32 41 63 66 37 28 18 86
22 36 18 5 62 67 34 52 38 43 42 23 84 43 29 16 18 38 59 96
9 96 28 77 98 8 59 96 54 21 66 86 74 28 95 58 38 15 4 46
52 22 1 83 74 32 22 98 84 60 31 13 67 2 35 48 25 79 54 50
42 98 12 52 26 34 11 92 6 65 21 42 42 16 47 72 4 14 38 20
54 83 68 17 86 79 15 43 23 9 73 36 84 51 40 19 45 3 58 31
54 42 1 49 20 21 28 35 27 15 2 83 70 35 13 24 11 2 88 36
86 67 54 89 45 52 50 5 14 62 66 62 41 37 84 84 62 90 65 76
83 97 6 45 15 18 74 89 1 25 98 61 0 75 60 70 44 44 21 77
87 39 29 54 68 45 89 70 60 50 37 86 43 89 14 4 76 51 92 5
97 7 72 48 51 25 59 31 98 69 78 92 23 51 14 83 86 62 10 19
10 38 57 54 4 79 46 35 15 3 86 47 2 28 39 12 49 4 39 23
51 85 9 68 90 85 46 24 11 95 25 95 12 49 35 36 93 7 65 94
11 40 60 32 25 91 23 73 25 96 33 27 86 82 66 3 47 62 40 54
41 50 15 90 75 47 65 95 66 29 44 29 32 54 22 56 78 13 48 80
14 54 72 75 39 50 4 39 32 45 20 69 9 97 87 96 13 53 59 8
33 56 27 84 42 92 17 55 92 7 69 59 54 5 49 86 63 22 21 78
32 7 18 92 2 1 95 38 47 35 99 95 8 58 58 0 52 2 88 80
43 95 20 4 36 41 78 49 10 90 91 91 67 23 7 88 53 50 85 99
17 35 47 11 91 1 28 23 88 53 87 24 84 22 31 77 28 75 5 75
31 38 67 19 97 61 98 89 73 41 78 63 84 39 18 61 43 67 31 71
49 60 19 42 47 40 6 16 14 90 94 42 99 86 64 84 54 86 23 74
76 40 73 34 34 35 0 28 7 6 33 15 47 15 30 59 91 57 91 65
33 59 43 52 93 22 52 71 82 21 54 76 58 87 52 92 96 18 46 26
8 27 2 15 90 11 87 63 81 45 32 14 63 45 70 89 53 93 41 41
65 79 88 31 36 12 85 25 7 28 75 60 33 59 4 20 74 51 47 49
64 8 83 8 75 85 6 94 1 61 40 57 59 91 8 66 10 78 97 22
5 50 75 73 31 48 61 8 87 32 68 11 57 77 42 76 49 94 91 75
22 37 25 27 56 9 94 14 43 1 56 21 28 23 71 83 10 3 67 12
22 1 60 90 55 54 17 56 61 8 58 52 87 32 47 83 8 58 91 78
83 52 30 8 42 20 53 71 49 39 76 93 89 75 74 9 95 29 90 10
23 56 14 16 57 79 20 65 35 49 58 76 47 33 46 66 49 7 7 13
45 50 88 10 1 49 39 70 16 52 7 85 47 93 79 52 39 75 10 98
94 63 3 69 19 10 13 27 27 95 69 32 45 55 73 63 98 7 85 97
71 29 5 98 69 92 5 47 31 30 82 52 15 35 94 84 90 60 43 87
18 26 21 41 49 90 21 0 0 86 59 24 44 25 76 31 89 83 13 78
5 65 39 25 19 97 44 19 65 59 32 3 53 20 13 19 50 74 93 62
96 21 73 33 85 80 24 1 24 53 2 81 54 96 67 48 50 46 36 39
35 15 96 57 67 45 28 35 0 60 5 51 12 4 60 48 9 34 36 85
72 48 80 52 89 15 76 1 81 98 98 0 36 60 70 31 38 38 83 25
6 17 93 13 73 92 3 23 38 83 65 6 50 68 76 74 79 17 91 12
22 79 3 17 74 98 99 4 65 59 1 88 9 95 32 11 32 45 18 28
36 31 39 0 38 41 5 28 92 24 4 74 90 59 93 27 70 93 59 88
87 2 26 10 36 19 23 73 43 25 69 39 64 10 86 87 33 72 75 97
51 95 59 77 50 54 35 65 43 61 54 87 86 82 86 40 48 73 86 91
63 51 81 78 42 63 30 7 33 73 51 14 21 41 95 71 16 27 54 4
95 21 95 34 5 68 65 1 37 5 17 29 93 80 89 91 33 52 98 25
19 19 3 43 57 35 1 47 94 18 88 64 50 35 75 99 44 18 76 11
93 75 20 95 35 6 26 42 58 3 11 99 64 38 69 83 11 2 45 25
70 68 44 60 25 1 98 36 95 36 14 63 67 35 30 66 11 41 54 1
68 6 81 15 42 30 41 15 21 72 79 1 98 64 42 53 71 64 24 4
82 93 48 48 33 72 72 25 79 7 3 65 80 71 80 28 18 8 69 15
8 66 82 11 72 34 86 59 97 53 57 55 1 65 89 15 71 68 58 0
25 23 8 9 17 63 79 86 89 32 55 6 39 84 48 76 14 67 69 74
51 30 48 65 72 40 49 28 38 5 24 83 88 74 34 11 16 46 64 1
49 97 38 93 15 26 39 55 26 74 42 13 92 52 62 34 71 43 32 22
2 81 57 70 59 58 59 84 92 68 1 98 52 87 86 20 23 28 76 83
26 32 25 4 68 3 31 67 90 62 70 82 82 38 90 53 0 3 21 64
74 5 38 11 68 71 28 14 52 66 86 82 93 60 91 61 97 22 83 22
77 72 16 48 47 93 75 37 86 43 88 86 25 21 73 30 19 0 39 12
29 87 95 19 91 95 31 34 20 83 61 9 40 37 9 75 48 78 48 85
88 97 74 71 18 24 80 62 8 82 11 10 76 1 73 67 51 80 93 71
95 13 23 87 3 66 86 72 89 25 65 60 52 86 1 2 20 17 25 7
42 26 41 51 25 42 37 12 43 55 98 86 2 39 11 60 50 2 61 51
72 90 53 40 29 0 96 9 92 78 13 13 35 23 40 36 13 64 39 4
98 33 44 41 68 55 65 48 45 61 72 3 14 41 73 73 27 23 87 97
42 81 15 68 14 50 12 29 84 29 14 49 60 49 34 49 26 67 19 72
